0 0.296508 0.465278 0.044312 0.048556
0 0.829949 0.612021 0.072711 0.065375
0 0.345039 0.492444 0.040859 0.044194
0 0.663676 0.518097 0.050789 0.059083
0 0.632605 0.561368 0.052414 0.052347
0 0.598832 0.641312 0.070242 0.085542
0 0.567766 0.445611 0.041609 0.035056
0 0.562359 0.488583 0.044844 0.037417
0 0.506973 0.461181 0.041070 0.039389
0 0.423605 0.423035 0.037055 0.036986
0 0.341355 0.411965 0.029180 0.020597
0 0.189621 0.467507 0.020133 0.048847
0 0.232523 0.399181 0.017859 0.024444
0 0.252078 0.406681 0.025016 0.027222
0 0.434234 0.896931 0.105000 0.197472
0 0.276000 0.843021 0.082500 0.137431
0 0.380695 0.628681 0.050844 0.075750
0 0.864805 0.949667 0.135578 0.099000
0 0.858469 0.706625 0.102125 0.098972
0 0.185023 0.437799 0.037203 0.039458
0 0.985703 0.632958 0.028594 0.062972
0 0.308070 0.530111 0.042125 0.071444
0 0.239414 0.522382 0.039766 0.062819
0 0.187996 0.396340 0.024383 0.025569
0 0.333383 0.431424 0.030531 0.028764
