0 0.216988 0.392931 0.013430 0.017056
0 0.558867 0.776465 0.078672 0.117097
0 0.230578 0.931896 0.098031 0.135458
0 0.503781 0.649076 0.072625 0.108458
0 0.281289 0.653813 0.056656 0.100708
0 0.263113 0.545174 0.043133 0.061125
0 0.323602 0.527667 0.045328 0.073917
0 0.245453 0.469868 0.039078 0.047236
0 0.384680 0.484069 0.045000 0.044139
0 0.970387 0.717917 0.056867 0.089444
0 0.835953 0.694889 0.086906 0.085583
0 0.765777 0.606250 0.067836 0.078361
0 0.825480 0.551229 0.072211 0.072792
0 0.615563 0.504549 0.051281 0.052792
0 0.556070 0.460590 0.036297 0.044958
0 0.461082 0.469424 0.037148 0.037208
0 0.390195 0.431896 0.032422 0.031014
0 0.348492 0.436556 0.027906 0.022333
0 0.273320 0.410028 0.027891 0.027000
0 0.199813 0.394632 0.021281 0.017375
0 0.313844 0.474924 0.042578 0.036597
0 0.629852 0.468833 0.055141 0.045944
0 0.485941 0.459035 0.031398 0.031319
0 0.323023 0.419049 0.028609 0.030042
0 0.306449 0.404306 0.026180 0.026056
0 0.432926 0.948333 0.127727 0.103333
