0 0.431582 0.570181 0.032695 0.063139
0 0.292723 0.505493 0.037477 0.055819
0 0.735895 0.800528 0.119727 0.174500
0 0.545520 0.737486 0.075961 0.113861
0 0.293871 0.774410 0.077836 0.136708
0 0.390770 0.633396 0.088352 0.189292
0 0.299602 0.594792 0.042906 0.076278
0 0.250586 0.552000 0.040125 0.047139
0 0.327422 0.539910 0.040297 0.057681
0 0.291227 0.438514 0.041516 0.037833
0 0.213344 0.402389 0.022500 0.022639
0 0.262445 0.409361 0.028953 0.029778
0 0.323496 0.416958 0.041867 0.033806
0 0.401180 0.417111 0.035797 0.031000
0 0.331637 0.486285 0.039195 0.046625
0 0.372340 0.475035 0.038289 0.036986
0 0.432488 0.509333 0.050055 0.061639
0 0.509887 0.561562 0.054492 0.066014
0 0.748273 0.575701 0.067406 0.060986
0 0.737578 0.493368 0.051266 0.049153
0 0.909711 0.453715 0.041609 0.054542
0 0.912656 0.600271 0.083281 0.066292
0 0.918828 0.547792 0.069156 0.058194
0 0.261316 0.484250 0.035758 0.037528
0 0.260953 0.453549 0.032938 0.033792
0 0.183258 0.419590 0.016391 0.025431
0 0.195906 0.388556 0.020406 0.022889
