0 0.444937 0.466007 0.036359 0.036042
0 0.277578 0.992514 0.069531 0.014972
0 0.871469 0.961194 0.106891 0.072556
0 0.675074 0.968264 0.110836 0.063472
0 0.933781 0.684958 0.085656 0.083611
0 0.926727 0.610903 0.082969 0.081222
0 0.811305 0.678090 0.083984 0.090181
0 0.682480 0.719590 0.085664 0.127792
0 0.282629 0.774340 0.083930 0.161597
0 0.286117 0.633778 0.048328 0.067083
0 0.329910 0.547028 0.043148 0.054750
0 0.342707 0.494403 0.042727 0.042028
0 0.237738 0.521000 0.038820 0.045889
0 0.246348 0.469806 0.023055 0.029000
0 0.202488 0.476632 0.032805 0.045319
0 0.263969 0.448479 0.039172 0.038986
0 0.397051 0.658590 0.072539 0.135319
0 0.522539 0.693083 0.066016 0.115611
0 0.444844 0.571937 0.050797 0.065986
0 0.549902 0.583771 0.076102 0.098292
0 0.590586 0.532618 0.046484 0.051319
0 0.676145 0.580437 0.061289 0.069653
0 0.662375 0.472465 0.046469 0.042292
0 0.609977 0.474806 0.051547 0.046972
0 0.499566 0.484292 0.048195 0.045306
0 0.537160 0.435812 0.039367 0.035653
0 0.391711 0.443479 0.031859 0.028319
0 0.314012 0.417826 0.027930 0.024986
0 0.263223 0.410493 0.027539 0.026319
0 0.171184 0.392667 0.013305 0.016667
0 0.189082 0.397667 0.017242 0.019333
0 0.235754 0.401326 0.025867 0.021986
0 0.377273 0.410993 0.025109 0.025319
0 0.376715 0.424319 0.023992 0.017333
0 0.213828 0.437813 0.036359 0.030986
0 0.347262 0.464500 0.038820 0.030111
0 0.276992 0.591757 0.046625 0.059375
0 0.979129 0.578354 0.039977 0.062708
0 0.472504 0.425778 0.051711 0.042333
