0 0.491387 0.459083 0.038742 0.033500
0 0.326336 0.418194 0.029578 0.030000
0 0.287836 0.406042 0.026844 0.025944
0 0.200996 0.399896 0.021758 0.020153
0 0.176109 0.392833 0.021234 0.018056
0 0.500852 0.553354 0.065953 0.071569
0 0.595027 0.530833 0.048086 0.051250
0 0.722070 0.550556 0.063203 0.073167
0 0.834539 0.620611 0.081391 0.074500
0 0.971219 0.718389 0.056266 0.097806
0 0.249211 0.517847 0.044828 0.075139
0 0.244004 0.428535 0.039352 0.030819
0 0.385707 0.427194 0.017023 0.021722
0 0.432230 0.421931 0.035555 0.032750
0 0.515453 0.439646 0.047375 0.042347
0 0.218586 0.398972 0.012375 0.022472
0 0.289957 0.593813 0.079633 0.166458
0 0.532453 0.678694 0.069469 0.112528
0 0.622594 0.502264 0.055281 0.048111
0 0.340879 0.542542 0.042305 0.058111
0 0.833945 0.552937 0.082016 0.070486
0 0.255156 0.459215 0.030906 0.032681
0 0.351793 0.471681 0.045977 0.066194
0 0.365281 0.436569 0.038594 0.035639
0 0.447668 0.458125 0.045680 0.042361
0 0.439750 0.581736 0.051375 0.069306
