0 0.210660 0.402063 0.018930 0.025653
0 0.371762 0.408062 0.032242 0.025653
0 0.175980 0.394896 0.020055 0.020653
0 0.226121 0.384903 0.022117 0.025333
0 0.231277 0.407063 0.010680 0.019653
0 0.363141 0.439049 0.032609 0.030319
0 0.483945 0.435042 0.036891 0.037472
0 0.875266 0.643361 0.085313 0.066917
0 0.245613 0.410396 0.021742 0.023653
0 0.421961 0.543889 0.054953 0.066917
0 0.460609 0.445521 0.025344 0.027208
0 0.264738 0.398611 0.021742 0.020000
0 0.265633 0.485000 0.038391 0.040139
0 0.237281 0.520917 0.037391 0.053083
0 0.266645 0.586938 0.045930 0.072708
0 0.283578 0.683958 0.064734 0.106167
0 0.339535 0.545451 0.050180 0.063792
0 0.455461 0.599632 0.051187 0.074903
0 0.409543 0.674368 0.059727 0.107514
0 0.520922 0.658979 0.070188 0.115097
0 0.496992 0.551465 0.055953 0.054431
0 0.445676 0.463590 0.039648 0.033903
0 0.576660 0.485444 0.049180 0.055306
0 0.598242 0.462722 0.031109 0.028500
0 0.716055 0.512438 0.055453 0.058431
0 0.700871 0.597194 0.068258 0.073611
0 0.849047 0.694882 0.089578 0.086097
0 0.773695 0.869417 0.111047 0.156694
0 0.675000 0.960694 0.121422 0.078611
0 0.249570 0.916181 0.100703 0.162361
0 0.229754 0.451542 0.038898 0.034806
0 0.311992 0.403417 0.024297 0.019611
0 0.315715 0.427056 0.022492 0.021667
