0 0.541828 0.505799 0.050172 0.044125
0 0.236578 0.921389 0.111375 0.157222
0 0.399855 0.676257 0.061883 0.108569
0 0.371246 0.591236 0.049383 0.066083
0 0.309039 0.519382 0.039609 0.052819
0 0.257578 0.479993 0.036406 0.045069
0 0.218258 0.406396 0.019391 0.015597
0 0.238469 0.403403 0.019500 0.017722
0 0.261660 0.415639 0.019508 0.018694
0 0.296117 0.419681 0.029266 0.024083
0 0.344176 0.424979 0.037820 0.019264
0 0.418516 0.433944 0.038469 0.038722
0 0.466031 0.423153 0.033156 0.021000
0 0.467059 0.451569 0.039773 0.030444
0 0.542859 0.455521 0.047891 0.049125
0 0.627711 0.512639 0.052234 0.048167
0 0.647211 0.565694 0.058516 0.049167
0 0.702250 0.504083 0.054453 0.058444
0 0.764496 0.638146 0.073992 0.085653
0 0.921063 0.664236 0.100125 0.097694
0 0.871992 0.933326 0.146484 0.132569
0 0.665051 0.967069 0.111508 0.062694
0 0.597707 0.821653 0.093695 0.130194
0 0.658504 0.695639 0.089664 0.114667
0 0.532125 0.583660 0.055734 0.062458
0 0.494688 0.627986 0.062031 0.097917
0 0.444504 0.502694 0.051398 0.067083
0 0.375215 0.518687 0.044680 0.050514
0 0.201949 0.448514 0.018133 0.030444
0 0.173828 0.398590 0.017234 0.015403
0 0.188949 0.393778 0.014305 0.015417
0 0.343777 0.404160 0.038180 0.020014
0 0.380312 0.476090 0.039688 0.033931
0 0.332383 0.481479 0.040984 0.043181
0 0.250516 0.445438 0.034703 0.033542
0 0.408566 0.414875 0.028852 0.023194
