0 0.331672 0.539681 0.040984 0.059083
0 0.300934 0.650431 0.051398 0.089583
0 0.626445 0.872292 0.117906 0.170194
0 0.472258 0.970826 0.106484 0.055542
0 0.250715 0.947243 0.102117 0.101514
0 0.682039 0.500243 0.051734 0.044792
0 0.804137 0.510097 0.066867 0.053750
0 0.821953 0.559368 0.069531 0.054347
0 0.961195 0.604153 0.074578 0.075833
0 0.777609 0.653715 0.078937 0.071069
0 0.709082 0.552174 0.058117 0.057875
0 0.565309 0.477549 0.054758 0.044792
0 0.570516 0.523535 0.047031 0.045986
0 0.257602 0.548889 0.040641 0.066944
0 0.423887 0.563250 0.049383 0.076444
0 0.373648 0.511271 0.043703 0.047736
0 0.321594 0.477847 0.040313 0.038222
0 0.175141 0.399368 0.008047 0.011569
0 0.188746 0.397042 0.009039 0.013667
0 0.364637 0.413250 0.023430 0.022611
0 0.276078 0.488896 0.039969 0.044792
0 0.216281 0.400729 0.038984 0.040319
0 0.250957 0.402063 0.024742 0.024986
0 0.283293 0.403062 0.029055 0.020986
0 0.300535 0.424389 0.026805 0.017667
0 0.345238 0.433882 0.027367 0.022653
0 0.389758 0.429556 0.032422 0.028667
0 0.506520 0.425590 0.102461 0.085403
0 0.650297 0.441715 0.121266 0.092569
