0 0.363094 0.419632 0.013984 0.017264
0 0.206277 0.484889 0.032820 0.057306
0 0.242590 0.469007 0.037477 0.054542
0 0.266965 0.539792 0.040398 0.058694
0 0.196078 0.438972 0.020203 0.028306
0 0.224336 0.427576 0.030484 0.027625
0 0.348434 0.430514 0.035930 0.031417
0 0.368535 0.510611 0.047383 0.055583
0 0.428930 0.503708 0.043891 0.048000
0 0.506320 0.445361 0.117109 0.128083
0 0.561086 0.514931 0.048359 0.049722
0 0.501953 0.555493 0.048938 0.059042
0 0.620129 0.551007 0.053805 0.052819
0 0.743738 0.562403 0.060586 0.055583
0 0.733348 0.622299 0.071664 0.065597
0 0.866672 0.720528 0.095937 0.096333
0 0.393984 0.691944 0.063281 0.098472
0 0.453320 0.959007 0.117828 0.081764
0 0.288133 0.502840 0.041953 0.045569
0 0.217832 0.399785 0.031070 0.023125
0 0.438352 0.443979 0.033984 0.029347
0 0.652172 0.519736 0.051469 0.042750
0 0.663047 0.494208 0.048359 0.033833
0 0.773164 0.537375 0.056125 0.049028
