0 0.687543 0.741250 0.093680 0.122000
0 0.192305 0.399653 0.020312 0.017083
0 0.240398 0.409375 0.022203 0.020750
0 0.266793 0.410410 0.024992 0.022014
0 0.318746 0.407507 0.027555 0.025319
0 0.327973 0.424938 0.034320 0.026986
0 0.237836 0.533701 0.037125 0.046903
0 0.274848 0.487826 0.035961 0.042347
0 0.307656 0.470187 0.040391 0.036958
0 0.398371 0.447361 0.035492 0.029472
0 0.429898 0.434257 0.042500 0.039069
0 0.497266 0.479944 0.042734 0.039861
0 0.553773 0.465229 0.055812 0.055181
0 0.596039 0.464792 0.034328 0.043583
0 0.759371 0.400542 0.031711 0.040583
0 0.275617 0.704611 0.060328 0.090583
0 0.272020 0.828076 0.078773 0.138569
0 0.378281 0.615139 0.056250 0.092806
0 0.478496 0.610139 0.062836 0.088361
0 0.634957 0.560167 0.056195 0.056667
0 0.815160 0.520063 0.059977 0.054264
0 0.768691 0.570493 0.067008 0.073486
0 0.771934 0.654069 0.079430 0.084056
0 0.607117 0.887250 0.110797 0.170056
0 0.459070 0.951639 0.123203 0.094111
0 0.966660 0.699118 0.064727 0.088708
