0 0.781500 0.420681 0.035937 0.042750
0 0.266211 0.483833 0.041437 0.051333
0 0.346770 0.489778 0.045195 0.054306
0 0.453918 0.517674 0.048570 0.056542
0 0.274172 0.599882 0.042281 0.073653
0 0.385898 0.627417 0.059844 0.093000
0 0.455574 0.589861 0.058586 0.075833
0 0.528828 0.727479 0.068594 0.101181
0 0.433797 0.939625 0.132281 0.120750
0 0.820496 0.926979 0.157352 0.146042
0 0.249703 0.397319 0.026234 0.020806
0 0.614055 0.472139 0.035609 0.040694
0 0.778254 0.556604 0.082945 0.096514
0 0.845668 0.565500 0.065383 0.065333
0 0.258242 0.551153 0.038047 0.058028
0 0.212773 0.405854 0.027453 0.024958
0 0.185832 0.390500 0.021195 0.018667
0 0.169684 0.394986 0.008680 0.014000
0 0.410262 0.435208 0.031758 0.024028
0 0.481016 0.436438 0.034094 0.025736
0 0.302477 0.413458 0.026047 0.022250
0 0.374066 0.441431 0.037367 0.029917
0 0.482648 0.470687 0.041094 0.039431
0 0.585516 0.528187 0.049281 0.048153
0 0.576984 0.482104 0.055578 0.050653
0 0.720453 0.600562 0.067781 0.073958
