0 0.623312 0.677021 0.076906 0.100819
0 0.780625 0.652361 0.090156 0.093611
0 0.699148 0.537722 0.056578 0.055083
0 0.662051 0.470174 0.047023 0.033653
0 0.617102 0.498278 0.052406 0.063972
0 0.385914 0.482667 0.038875 0.037917
0 0.438613 0.581389 0.051289 0.062139
0 0.839172 0.616951 0.075547 0.073875
0 0.734836 0.516667 0.052156 0.052167
0 0.559242 0.443917 0.042000 0.025222
0 0.237324 0.442785 0.035352 0.027792
0 0.298063 0.405569 0.028531 0.018500
0 0.265750 0.415569 0.018969 0.013417
0 0.254254 0.403931 0.024508 0.021778
0 0.225047 0.405424 0.024500 0.025958
0 0.174625 0.377035 0.063141 0.069514
0 0.193051 0.444347 0.011914 0.028361
0 0.261437 0.900917 0.124844 0.195444
0 0.284395 0.626806 0.061617 0.104417
0 0.343523 0.419472 0.024328 0.019194
0 0.269969 0.436861 0.031937 0.028111
0 0.230684 0.470854 0.033852 0.032792
0 0.274941 0.465361 0.037117 0.032056
0 0.323961 0.445556 0.041125 0.046389
0 0.369789 0.439521 0.024953 0.030319
0 0.464203 0.452792 0.035484 0.034083
0 0.516047 0.436431 0.044641 0.035667
0 0.551652 0.474639 0.049398 0.049278
0 0.462117 0.520625 0.052828 0.061444
0 0.379023 0.512715 0.044250 0.058292
0 0.290402 0.502875 0.037836 0.044806
0 0.328977 0.539792 0.042219 0.061389
0 0.990754 0.643736 0.018492 0.035833
0 0.474645 0.631285 0.057680 0.077708
0 0.404051 0.447076 0.036555 0.029153
0 0.544473 0.582771 0.059414 0.075958
